{
 "cells": [
  {
   "metadata": {
    "ExecuteTime": {
     "end_time": "2026-06-09T06:24:48.926055500Z",
     "start_time": "2026-06-09T06:24:47.632538100Z"
    }
   },
   "cell_type": "code",
   "source": [
    "import torch\n",
    "\n",
    "from self_attention_v2 import SelfAttention_v2"
   ],
   "id": "882ef476e7b04375",
   "outputs": [],
   "execution_count": 1
  },
  {
   "cell_type": "code",
   "id": "initial_id",
   "metadata": {
    "collapsed": true,
    "ExecuteTime": {
     "end_time": "2026-06-09T06:24:48.937822500Z",
     "start_time": "2026-06-09T06:24:48.928306800Z"
    }
   },
   "source": [
    "inputs = torch.tensor(\n",
    "    [[0.43, 0.15, 0.89],\n",
    "     [0.55, 0.87, 0.66],\n",
    "     [0.57, 0.85, 0.64],\n",
    "     [0.22, 0.58, 0.33],\n",
    "     [0.77, 0.25, 0.10],\n",
    "     [0.05, 0.80, 0.55]]\n",
    ")"
   ],
   "outputs": [],
   "execution_count": 2
  },
  {
   "metadata": {
    "ExecuteTime": {
     "end_time": "2026-06-09T06:24:48.947774100Z",
     "start_time": "2026-06-09T06:24:48.938327Z"
    }
   },
   "cell_type": "code",
   "source": [
    "d_in = inputs.shape[1] # 입력 임베딩 크기\n",
    "d_out = 2 # 출력 임베딩 크기"
   ],
   "id": "ec6a05e416c9b2e0",
   "outputs": [],
   "execution_count": 3
  },
  {
   "metadata": {
    "ExecuteTime": {
     "end_time": "2026-06-09T06:24:48.960177100Z",
     "start_time": "2026-06-09T06:24:48.948771600Z"
    }
   },
   "cell_type": "code",
   "source": [
    "torch.manual_seed(123)\n",
    "sa_v2 = SelfAttention_v2(d_in, d_out)"
   ],
   "id": "8b5db28dffa5c50f",
   "outputs": [],
   "execution_count": 4
  },
  {
   "metadata": {
    "ExecuteTime": {
     "end_time": "2026-06-09T06:24:48.975678Z",
     "start_time": "2026-06-09T06:24:48.961176900Z"
    }
   },
   "cell_type": "code",
   "source": [
    "queries = sa_v2.W_query(inputs)\n",
    "keys = sa_v2.W_key(inputs)\n",
    "attn_scores = queries @ keys.T\n",
    "attn_weights = torch.softmax(attn_scores/(keys.shape[-1]**0.5), dim=-1)\n",
    "print(attn_weights)"
   ],
   "id": "306479e2b5e2f183",
   "outputs": [
    {
     "name": "stdout",
     "output_type": "stream",
     "text": [
      "tensor([[0.1717, 0.1762, 0.1761, 0.1555, 0.1627, 0.1579],\n",
      "        [0.1636, 0.1749, 0.1746, 0.1612, 0.1605, 0.1652],\n",
      "        [0.1637, 0.1749, 0.1746, 0.1611, 0.1606, 0.1651],\n",
      "        [0.1636, 0.1704, 0.1702, 0.1652, 0.1632, 0.1674],\n",
      "        [0.1667, 0.1722, 0.1721, 0.1618, 0.1633, 0.1639],\n",
      "        [0.1624, 0.1709, 0.1706, 0.1654, 0.1625, 0.1682]],\n",
      "       grad_fn=<SoftmaxBackward0>)\n"
     ]
    }
   ],
   "execution_count": 5
  },
  {
   "metadata": {
    "ExecuteTime": {
     "end_time": "2026-06-09T06:24:48.990151400Z",
     "start_time": "2026-06-09T06:24:48.976678200Z"
    }
   },
   "cell_type": "code",
   "source": [
    "context_length = attn_scores.shape[0]\n",
    "mask_simple = torch.tril(torch.ones(context_length, context_length))\n",
    "print(mask_simple)"
   ],
   "id": "7f3c7df61c999a68",
   "outputs": [
    {
     "name": "stdout",
     "output_type": "stream",
     "text": [
      "tensor([[1., 0., 0., 0., 0., 0.],\n",
      "        [1., 1., 0., 0., 0., 0.],\n",
      "        [1., 1., 1., 0., 0., 0.],\n",
      "        [1., 1., 1., 1., 0., 0.],\n",
      "        [1., 1., 1., 1., 1., 0.],\n",
      "        [1., 1., 1., 1., 1., 1.]])\n"
     ]
    }
   ],
   "execution_count": 6
  },
  {
   "metadata": {
    "ExecuteTime": {
     "end_time": "2026-06-09T06:24:49.002660400Z",
     "start_time": "2026-06-09T06:24:48.991151200Z"
    }
   },
   "cell_type": "code",
   "source": [
    "masked_simple = attn_weights*mask_simple\n",
    "print(masked_simple)"
   ],
   "id": "584d5ed58fa8333f",
   "outputs": [
    {
     "name": "stdout",
     "output_type": "stream",
     "text": [
      "tensor([[0.1717, 0.0000, 0.0000, 0.0000, 0.0000, 0.0000],\n",
      "        [0.1636, 0.1749, 0.0000, 0.0000, 0.0000, 0.0000],\n",
      "        [0.1637, 0.1749, 0.1746, 0.0000, 0.0000, 0.0000],\n",
      "        [0.1636, 0.1704, 0.1702, 0.1652, 0.0000, 0.0000],\n",
      "        [0.1667, 0.1722, 0.1721, 0.1618, 0.1633, 0.0000],\n",
      "        [0.1624, 0.1709, 0.1706, 0.1654, 0.1625, 0.1682]],\n",
      "       grad_fn=<MulBackward0>)\n"
     ]
    }
   ],
   "execution_count": 7
  },
  {
   "metadata": {
    "ExecuteTime": {
     "end_time": "2026-06-09T06:24:49.016201300Z",
     "start_time": "2026-06-09T06:24:49.003660200Z"
    }
   },
   "cell_type": "code",
   "source": [
    "row_sums = masked_simple.sum(dim=-1, keepdim=True)\n",
    "masked_simple_norm = masked_simple /row_sums\n",
    "print(masked_simple_norm)"
   ],
   "id": "40e6c18de409894f",
   "outputs": [
    {
     "name": "stdout",
     "output_type": "stream",
     "text": [
      "tensor([[1.0000, 0.0000, 0.0000, 0.0000, 0.0000, 0.0000],\n",
      "        [0.4833, 0.5167, 0.0000, 0.0000, 0.0000, 0.0000],\n",
      "        [0.3190, 0.3408, 0.3402, 0.0000, 0.0000, 0.0000],\n",
      "        [0.2445, 0.2545, 0.2542, 0.2468, 0.0000, 0.0000],\n",
      "        [0.1994, 0.2060, 0.2058, 0.1935, 0.1953, 0.0000],\n",
      "        [0.1624, 0.1709, 0.1706, 0.1654, 0.1625, 0.1682]],\n",
      "       grad_fn=<DivBackward0>)\n"
     ]
    }
   ],
   "execution_count": 8
  },
  {
   "metadata": {
    "ExecuteTime": {
     "end_time": "2026-06-09T06:24:49.029304800Z",
     "start_time": "2026-06-09T06:24:49.017201100Z"
    }
   },
   "cell_type": "code",
   "source": [
    "mask = torch.triu(torch.ones(context_length, context_length), diagonal=1)\n",
    "masked = attn_scores.masked_fill(mask.bool(), -torch.inf)\n",
    "print(masked)"
   ],
   "id": "d40edeadb80920cc",
   "outputs": [
    {
     "name": "stdout",
     "output_type": "stream",
     "text": [
      "tensor([[0.3111,   -inf,   -inf,   -inf,   -inf,   -inf],\n",
      "        [0.1655, 0.2602,   -inf,   -inf,   -inf,   -inf],\n",
      "        [0.1667, 0.2602, 0.2577,   -inf,   -inf,   -inf],\n",
      "        [0.0510, 0.1080, 0.1064, 0.0643,   -inf,   -inf],\n",
      "        [0.1415, 0.1875, 0.1863, 0.0987, 0.1121,   -inf],\n",
      "        [0.0476, 0.1192, 0.1171, 0.0731, 0.0477, 0.0966]],\n",
      "       grad_fn=<MaskedFillBackward0>)\n"
     ]
    }
   ],
   "execution_count": 9
  },
  {
   "metadata": {
    "ExecuteTime": {
     "end_time": "2026-06-09T06:24:49.043440600Z",
     "start_time": "2026-06-09T06:24:49.031307700Z"
    }
   },
   "cell_type": "code",
   "source": [
    "attn_weights = torch.softmax(masked/(keys.shape[-1]**0.5), dim=-1)\n",
    "print(attn_weights)"
   ],
   "id": "e2492db177ff84a8",
   "outputs": [
    {
     "name": "stdout",
     "output_type": "stream",
     "text": [
      "tensor([[1.0000, 0.0000, 0.0000, 0.0000, 0.0000, 0.0000],\n",
      "        [0.4833, 0.5167, 0.0000, 0.0000, 0.0000, 0.0000],\n",
      "        [0.3190, 0.3408, 0.3402, 0.0000, 0.0000, 0.0000],\n",
      "        [0.2445, 0.2545, 0.2542, 0.2468, 0.0000, 0.0000],\n",
      "        [0.1994, 0.2060, 0.2058, 0.1935, 0.1953, 0.0000],\n",
      "        [0.1624, 0.1709, 0.1706, 0.1654, 0.1625, 0.1682]],\n",
      "       grad_fn=<SoftmaxBackward0>)\n"
     ]
    }
   ],
   "execution_count": 10
  },
  {
   "metadata": {
    "ExecuteTime": {
     "end_time": "2026-06-09T06:24:49.049187Z",
     "start_time": "2026-06-09T06:24:49.044942900Z"
    }
   },
   "cell_type": "code",
   "source": "",
   "id": "b57ffeee1a34fcb5",
   "outputs": [],
   "execution_count": 10
  }
 ],
 "metadata": {
  "kernelspec": {
   "display_name": "Python 3",
   "language": "python",
   "name": "python3"
  },
  "language_info": {
   "codemirror_mode": {
    "name": "ipython",
    "version": 2
   },
   "file_extension": ".py",
   "mimetype": "text/x-python",
   "name": "python",
   "nbconvert_exporter": "python",
   "pygments_lexer": "ipython2",
   "version": "2.7.6"
  }
 },
 "nbformat": 4,
 "nbformat_minor": 5
}
